26380
709
17818
19148
25366
12228
8584
15234
31667
15608
12048
17600
22197
8951
1599
22767
11574
17800
3729
18730
13623
18102
21942
20719
20103
4131
17301
2587
30439
1695
20370
23829
18795
7161
6924
16713
3363
13077
5418
25048
5883
2623
3032
31373
736
8127
19980
276
2084
17582
17230
28262
27940
21000
7287
15496
24104
13314
441
27765
11146
16285
25055
10329
13083
1659
18134
22015
30914
7409
21357
11661
12902
1631
20057
10351
19214
15292
24188
23697
8519
117
23655
6097
1223
31096
23837
20404
14159
14987
23065
14679
29910
15843
6803
7593
18147
31218
16896
15832
10043
2432
10200
23561
13756
6653
23707
15436
1417
5142
22
12751
17767
12934
19683
3154
18279
31535
32047
31194
11206
20073
27839
12458
13073
154
7221
30063
31628
12807
31120
20923
11733
22761
4595
3764
23749
12740
4263
18446
7319
2548
12130
11062
5452
6280
31690
14032
5197
22868
5685
3684
24915
7746
19891
13908
23172
19177
15694
19474
7135
28257
20112
3727
13785
12117
17734
19191
14152
15961
14468
411
3713
17022
7401
22319
1469
29732
17444
9781
24258
23056
30135
17593
20927
23743
1275
21055
29559
9209
2149
8698
18081
29353
5639
5438
31887
29931
10586
31288
10511
13415
5690
17117
28047
9950
11570
10272
24452
2818
29946
3432
11788
1931
7486
14401
19153
16519
3745
12369
6705
22257
15362
23439
28317
1670
6398
10927
21311
21972
22966
27104
27104
3220
24530
2490
24584
25657
30918
29810
16231
9929
20819
17233
7539
12268
16977
26724
28243
1091
23213
8308
32508
29434
19118
16696
23194
30113
5244
14282
7985
16951
9698
19288
1412
17288
16211
30748
8246
27578
19499
30350
5679
5410
4152
17112
23617
25948
20089
14474
12811
26266
19749
5775
26142
19260
23279
32608
9567
4001
14729
18807
22957
28221
4455
13319
23491
23020
21189
21482
31839
29318
10219
19674
10404
10164
23728
10981
11708
32258
24381
28699
24515
10805
15891
10890
10208
30430
18256
9836
15797
10287
11565
4254
4090
21006
21452
7508
8292
21608
11313
1804
22220
29128
16526
31168
3981
13352
21955
15968
26926
5127
17957
14975
5441
5563
31102
6221
12426
20745
7766
10949
26212
5875
2161
25127
25441
10705
22681
25769
23345
15267
20894
8041
9669
9894
32410
25511
14259
5157
3705
25649
31197
1426
2233
10014
17486
29653
16239
16319
100
30948
8843
25811
13876
14228
22620
14074
2346
30127
16215
19309
26608
7238
15636
20203
29585
4680
32409
21751
25055
9556
3547
10048
24338
29900
24706
10593
12977
4907
17389
9418
11190
20888
19062
4350
6125
27067
7671
11264
19101
31183
23437
30471
30314
1784
23707
27513
24186
31191
4370
31767
8919
18780
20208
13941
11284
18396
15111
6318
31284
18020
12032
28501
23239
588
16543
20399
19030
4367
20041
543
1281
15962
13507
28897
2663
4194
4668
28411
6342
26235
14990
27505
25443
26087
16577
25785
2093
10475
14800
12398
2205
25640
7344
27465
18912
30249
25487
9548
24632
5433
21082
7744
10656
3959
1665
9826
31663
20780
13310
30554
26814
9563
13204
6508
24653
25754
18004
10482
11939
1569
12902
4106
8117
18209
7430
2188
18761
23639
17869
31295
16475
25056
1842
2380
15808
32079
16464
26866
30217
26109
3050
18044
10410
18336
26796
24688
10844
13087
14003
7690
28351
4517
11856
15080
21828
19957
13321
23303
15690
10237
11745
6894
9607
26285
15834
28713
23210
23561
1463
28153
31038
28541
22534
16970
18130
8817
31326
32485
9815
17182
23782
743
11209
16800
27414
6258
4882
23372
22978
6818
7723
4163
5716
14275
7812
5959
15193
9153
11686
17358
11839
20191
22807
4693
19036
29868
17789
20215
15667
5940
3335
2622
30707
14963
23817
20537
23105
29711
5862
21967
31287
9030
30771
4178
11693
25892
3609
27480
14519
6394
30715
4294
17774
2317
15705
30509
2292
2955
15093
10842
14770
12227
27444
552
15076
19348
3526
15257
8536
32038
29321
10277
30066
29913
27563
26450
22132
7035
11024
24197
25340
26814
3827
25368
2767
32233
8655
19116
11732
22733
20864
21953
11364
13051
8613
10372
19649
24884
23882
17895
6627
18209
3012
16631
8059
13124
11483
6251
10034
14127
47
28792
23345
20468
23508
7917
29159
29404
22080
15739
18182
21084
18279
13908
1487
28484
25892
32505
18576
19002
32475
30028
20843
18791
7261
4845
16472
9840
1035
27331
27245
30888
27711
9433
13918
12164
23527
27756
8768
4431
32371
1090
22162
4638
28402
30013
27261
5895
15991
2863
15707
31118
14786
5104
2423
24416
12828
5294
5139
14916
19843
27013
7856
1102
8711
847
32137
3157
8308
14270
30561
26280
4657
22440
21118
22013
11880
32673
13046
16554
2663
22223
11817
1560
26951
12282
14223
18548
11979
16611
19124
32423
31114
25559
30336
25225
10321
6019
11708
3921
20163
12554
210
25681
23874
29781
9428
32736
19
1707
27584
26263
31164
28545
4611
10944
31921
7059
1339
10251
18480
5683
2113
10115
3178
27873
22631
32705
23011
28957
14334
1375
8219
19577
540
24496
32622
6898
11164
5550
29241
32640
21861
26420
4414
26348
21488
18030
30538
27874
20484
1421
2069
5959
25796
3263
7785
23500
24300
11358
25990
9156
344
24423
25030
16947
29382
4655
27773
4135
14556
16721
10019
9035
25709
1259
10677
21177
21240
23562
28760
32272
10609
19554
19520
19142
27716
10819
23504
19392
22680
7368
19970
18208
25296
12882
29962
3679
32344
6452
27702
7323
4766
20656
21785
28466
16734
26147
28648
19599
25123
4732
4900
27972
22283
19442
18041
15193
7882
8183
1255
7140
18417
26983
27167
30426
10609
14086
20272
28965
1114
30249
6754
3319
29417
13747
18018
9309
18626
5443
25760
29207
18554
13484
7926
7335
21080
14246
31882
30632
28765
12739
28149
28513
25473
3748
25765
21146
5696
19052
31103
28334
6229
3701
26313
12770
1990
1602
22856
18421
2848
181
23717
25849
16644
12674
26390
12897
18658
9956
18490
4698
18693
18319
32580
11615
5584
27877
15451
32263
24135
28012
4417
20258
465
11136
5427
24581
29499
31813
17
8994
19713
31456
191
19164
31433
7143
21195
6297
7217
5397
22352
8728
1226
27971
13594
261
32100
18579
17418
8394
10893
17647
18364
7849
15444
31410
15720
28679
19283
30116
16646
17163
1772
14892
19894
19816
6354
10945
23902
32119
25035
24994
11157
16777
29621
21191
8128
22907
27847
18967
8826
26251
6170
6619
25146
11625
30568
3443
19247
16018
6675
29767
13935
30937
25961
22785
5201
6726
12838
14586
5655
21284
25402
20465
6865
3926
22989
19459
25470
27114
27265
32215
21107
32497
14327
22810
14849
3981
5780
22827
32338
11339
23941
7703
3732
22963
18688
21959
31065
25374
20941
17784
8254
20424
7686
1900
20171
11814
28443
20703
14491
10618
12568
21565
8893
7588
3883
5010
15449
7483
12641
14146
27287
7644
1968
15610
3004
16066
17978
4838
30103
23959
30416
29477
13083
28042
17333
4986
17741
17570
24485
32068
27489
21330
12054
8624
13855
31309
5822
32301
27276
29339
4949
25888
30663
31725
32412
16089
1073
17710
9630
22214
21968
17242
5174
2279
6646
27283
14801
25474
20509
32114
19317
4376
23574
26267
1795
7831
867
20628
15289
29137
23009
28631
15354
1069
25002
13093
7250
13725
25145
19998
25525
19408
15055
21007
4359
29096
13334
18699
6626
19182
5380
1853
18067
28741
32515
9852
3941
26460
21839
24608
24355
27496
13215
14612
24280
6610
14343
13357
11993
22316
9245
32442
12549
106
6491
19293
18508
15439
29892
20249
12654
293
3530
5291
22789
8881
23664
6686
21190
31846
19116
27802
22020
3033
13583
13949
25461
3957
24231
29612
30777
32112
23589
16428
29208
26365
14907
29932
2316
7108
25416
1765
511
8591
2103
23653
32469
21574
4260
3240
4013
16925
22081
15785
26980
6156
12153
5175
25947
12928
3411
27211
11899
9808
12440
16281
16246
22002
14904
6245
5711
26351
6890
16024
16668
11156
9747
6419
10251
21738
19433
3395
14499
233
16088
7926
22092
30953
2085
17005
13330
13401
20433
5298
31654
29619
23488
28204
26021
1967
2586
880
10013
6328
19186
2138
22606
668
23845
2397
14509
6279
21125
28439
29743
25906
7991
24616
19907
15192
14426
30021
21280
10858
1513
29576
32194
11139
11235
266
25903
6814
28329
1972
26239
20487
13991
14930
25883
28175
30518
28649
2245
14084
31937
18763
7385
32608
26151
21736
29906
4161
19809
9447
31247
3609
25445
2934
18136
14247
842
29022
29340
4390
172
31450
29564
20420
13650
28329
14606
6485
4622
4962
25690
27721
14053
30472
16681
17371
22128
21726
25728
19596
26754
3452
5223
15568
28684
25891
23790
9735
22589
31822
30322
20910
11501
13961
24861
32471
12859
902
22956
5078
8053
15982
2933
6206
313
6005
9128
2828
1754
15281
10709
26913
16133
12076
16814
30710
1957
3384
14863
10379
13571
8962
3387
9888
13362
6250
13929
26664
11434
6930
127
20731
25907
16309
12829
16075
28677
3515
15069
4441
25133
26890
17881
744
6706
19998
21870
25842
23033
5212
19520
5403
14310
10915
1918
15971
11076
549
28264
15007
14311
7029
6926
10282
32015
27104
90
2008
11152
257
12624
30507
10032
16528
11669
23242
22353
29307
22318
3374
27344
3896
30091
26015
4908
7257
27076
11103
31467
22881
30754
18725
31545
11990
19169
21708
21715
5015
4660
16205
28707
23664
25994
16619
26796
10732
18960
21933
26537
26730
631
24081
4593
5747
3063
14335
3358
17739
27796
25596
24558
1990
13984
2720
12778
17245
25985
30282
11845
6017
30644
21778
3590
20272
27154
22271
3434
4293
30802
31867
20611
16404
18128
10499
31526
18102
22924
20003
4
13986
31862
17058
27415
31485
233
6650
11072
2868
29813
4106
7982
21575
13537
23823
27009
19560
1392
1489
20527
25796
2404
31770
11047
19873
18369
9068
9781
16553
7251
3571
23078
17797
14834
1465
300
9390
8709
13849
19076
31872
13637
2422
4437
11409
16836
3885
31452
2880
12845
32199
16326
6545
16973
9588
9437
10552
23762
26293
26343
10483
1619
344
7627
2845
31121
20393
23286
31361
22781
16871
1789
20844
6522
11765
17028
1798
2659
18258
20062
1761
7888
21323
16118
9939
23573
28015
32493
12033
4492
28740
25860
10301
15765
22072
24893
25746
17370
9946
1341
30236
22744
17482
27637
2077
18075
11502
17537
20046
28360
1383
1104
32371
11745
32452
1158
2098
965
27893
3742
32549
9590
8578
7252
27438
23583
24189
20162
29451
21846
30133
24777
5418
18590
26668
6322
25278
5680
6603
32021
28946
17147
27989
20730
29981
30185
23706
6975
15704
23140
24813
15674
32204
3097
16343
23710
8815
28667
4109
9379
7088
7819
2720
8801
22865
17239
31860
16509
26485
5569
27635
9736
25082
20226
18178
31908
12808
16751
11572
25065
18922
29946
10814
2055
21277
27899
29868
18860
679
31537
1234
13608
1962
17411
6148
21199
18489
22540
29706
10910
24682
1751
32462
19746
6061
20199
32344
25494
16476
3835
5372
2892
13715
23696
19922
78
27457
9126
19815
23364
17535
29639
31410
26264
9249
7750
13386
20185
27531
2501
26070
12893
23495
24313
4548
21547
3284
29362
9022
30231
28480
4373
7257
7727
3065
3628
29840
19286
30304
16290
15218
23855
9375
17351
21399
13117
8764
14810
23000
18248
20719
20360
3263
18178
11185
18352
18493
28906
16406
24169
27035
14449
20956
11846
12211
30043
23748
31449
27488
8809
26784
1141
5171
28469
25518
18744
5480
10589
30500
22345
26392
16611
2572
5215
18352
27604
26194
7811
10657
11560
13340
10774
10585
17130
16217
277
8051
16281
15261
1948
9002
21197
31276
27049
4372
1309
18005
22051
27149
27457
23553
27419
7792
5236
11403
14161
6542
14364
26066
29946
8536
26285
28557
25024
24159
16843
21215
22539
8191
32687
16428
3455
12502
15819
10026
6854
20347
26289
5435
12431
8045
12081
19962
7638
9802
28353
21011
2918
10562
22307
18521
4253
32458
20289
32018
1392
10389
30044
27541
13742
18880
3173
1560
22921
19789
22699
12227
30546
20690
12215
7433
4740
10098
16244
3639
19460
2317
20628
6221
22439
16820
2094
28686
27381
30048
27820
27475
2349
19427
12772
11428
20617
6430
4229
11529
11458
21877
11445
6174
4823
31360
20472
11878
10763
6147
31316
8673
1580
13601
3763
8417
22299
20940
7816
793
12681
7296
6325
19703
21759
12337
24493
32052
4897
28290
2773
22697
15411
18999
22321
10340
13532
5613
2876
7675
6442
11016
21015
21024
4311
31982
20966
4470
14539
27763
376
27555
17889
28563
294
14503
17646
24935
31485
2156
7168
3666
19999
12445
12515
20604
2406
27836
22762
20609
31051
17519
30187
15978
19718
11291
25740
5852
5879
5044
8125
18575
11333
22484
15750
19970
10181
18698
10499
